2.166950002876414150e+00,2.346056258408053985e+00,-2.285683205300114818e+00,8.711236585647201547e-03,-3.960853171179847809e-01
4.093392463068824538e-01,1.676137949729132326e-01,-9.382525501936678225e+00,-9.957320608947607676e-02,-3.951602406791590583e-01
-5.547504001492431946e+00,7.386975438960563523e+00,2.802866804379465115e+00,3.020296376507725533e+00,5.557079287893339492e-01
2.223206722969019555e+00,-1.838044885837059716e+00,6.298626187258653530e+00,-7.168855316979630965e-01,3.509018200891139694e-01
-8.900455102774950111e-01,6.819507286548187608e-01,-1.063637326198417377e+01,9.850995032777896121e-01,6.932244640518229195e-01

-2.701886779902903601e+00,-5.186650001182007585e+00,-3.773627367913525710e+00,-3.807839903019832883e-01,-4.138284269490572487e-01


-9.121958999718020600e-01,3.601349277021428930e-01,1.499215987761489677e-01
1.723067511686077885e-02,1.160327468069662776e-02,1.155074964108667585e-01
6.595928542691376073e-01,-1.228582914177473867e-01,-2.449063628746777910e-01
-2.043623074093302350e+00,6.225396189824353721e-01,2.556247985715209836e-01
-6.438338640972718352e-01,1.861274302585206875e-01,6.752344294411443126e-01

1.600935482575767566e+00,2.250566447120772584e-01,1.659473605501202154e-01


