6.067242957490751737e-02,9.050095813735172801e-01,3.979596287862020576e-01,8.963729083923307472e-01,-5.398008807680741761e+00
4.249193633216266641e-01,-8.995246219770967055e-01,1.318456824145281536e-01,-6.354602233372206310e-01,-1.881213463315771994e+00
8.259941008231464821e+00,-2.877867479867685790e-02,1.087481500297920567e+00,3.419157544235858492e-01,-8.583188229501068078e-02
-6.056018431859574669e+00,-3.038859188198221317e-01,-8.686814746252097263e-02,8.230398136940341169e-01,-1.352391632426347856e+00
4.262660114062920336e+00,6.728193761712919496e-01,1.660038071073391519e+00,-1.698337227625497325e+00,-8.715735072164517705e-01

-4.761468064382039955e+00,-8.737601505912612199e-01,-4.277870597338261360e-01,-9.235032592232879090e-01,-1.646574717123129306e+00


-1.865544874901339106e-02,1.145657184760432878e+00,-5.891117723703088727e-01
2.286851472631212523e-01,-4.201150367705607236e-01,-1.524080286020961794e-01
-1.265760099816760631e+00,6.505141164219334360e-02,1.186810319741343323e+00
2.873008556054233997e-01,1.969368777626490374e-01,-2.661214806269302513e-01
4.343970531826730763e-01,-7.501363237121306815e-01,5.017386141264430499e-01

1.937712164413676774e+00,1.787119029249361335e-01,-3.183636170308257185e-01


