9.613466116914624049e-01,-7.178936460825837251e+00,1.488830564618537355e+00,-4.127969937783623200e-01,-5.150814007225521962e+00
-2.091407895000970019e+00,-3.473418897237511516e+00,1.212313930244422133e+00,-2.672543973486491212e-02,-2.745186888376784484e+00
-4.580950624911673819e-01,-2.727965435246603843e+00,-2.363917653604305169e+00,2.436718956780064449e+00,5.540686994011637667e-01
2.579111424833218980e+00,-2.510539936988195553e+00,-1.284061196881715494e+00,-1.516279195694026027e+00,-2.117114716729314949e+00
-3.235302252829816538e+00,2.327406957353864853e-02,1.090656935785255577e+00,1.405282185707070752e+00,-7.896486988281169461e-01

-9.144151481910502977e-01,-1.042466673747351802e+00,-1.341835493526581935e-01,1.266988068093350406e-01,-1.458509527636523861e+00


-3.388270067856752332e-01,3.427918622845781971e-01,3.718958477031727439e-01
-2.854292785722479797e-01,7.049151367895707399e-01,-2.143643004046455192e-01
2.001012165213824079e-01,7.312687879026947835e-01,-5.536637396532018141e-01
-2.346787212472634554e+00,1.165074622353021061e+00,6.306865847314739870e-01
-1.530567121721370660e-01,-1.179079995257367841e+00,7.085186410195911666e-01

1.254144758439567964e+00,-3.059663905116350446e-01,7.869303767873238042e-01


