-3.346642686882309814e+00,-2.527304613928156751e+00,8.229545459124689710e-01,-8.339007883363628082e+00,1.063365846875245380e+00
1.265034207862530680e-01,-6.673859624611343522e-01,-9.519693311267214408e-01,-5.322955105655571728e+00,-3.794354025500129346e+00
-1.230858559641184458e-01,-3.546934431975365953e+00,7.800806497792624195e-02,-2.084531461394414720e+01,2.358222680827542828e+00
-1.219467280058907921e+00,-1.024193930810424868e+00,-1.008359245379037761e+00,4.236357764168742435e+00,3.421498611958850411e+00
1.686364809943857457e-01,-1.085826984008332996e+00,-2.962147355093932011e-01,-1.262592935770572566e+01,-1.085410523151991713e+00

-4.138111186292188770e-01,-1.355025077769292707e+00,-5.271865633573865617e-01,-1.447316578223470929e+00,1.978364830676446889e-02


2.830259591808474973e-01,-6.961569365246652596e-01,3.030870277455202100e-01
-1.406042349349691245e-01,-3.454572955406196022e-01,4.793941077677768003e-01
-6.434447679810130494e-02,1.826916176271072834e-01,-7.849726853164080975e-02
-5.686498036333319517e-01,-1.401341997616399326e-01,2.676874384601664603e-01
3.542332509150238895e-01,-1.725337333914339411e+00,3.979619309725337395e-01

-3.132258841198434784e-01,6.664253537873585653e-01,1.133892447921901470e+00


