2.092490492919526490e-01,1.897374321321305124e-01,-2.306009408008700134e-01,6.523581905765969691e-03,-4.396438174938083199e-02
-3.021570208846153238e-01,-6.743781419122689691e-01,-3.056964261042214859e-01,-1.317938044073559078e+00,7.210007474987507603e-01
-2.544655912739840264e+00,-1.391715664182111012e-01,6.281759683899880153e-01,3.156773574806807647e-01,-1.687681358139185017e-01
1.629468513999340340e+00,5.390573853246426461e-01,3.079942288880682319e-02,2.366581532363270846e+00,2.896097687604754500e-01
-1.179874106778076026e+00,-6.414298768645231297e-01,-2.319927224835467983e-01,-1.295852712248762417e+00,4.787250698880190503e-01
1.339046555660665938e-01,5.513098549137407378e-01,-3.712502320788538257e-01,4.140486697052760956e-01,1.082751884847232171e+00

1.449492091271925132e+00,2.850496807133926988e-02,-1.262441264606445124e+00
-4.255278190056221987e-01,-4.661452980370758142e-02,3.687456171398141858e-01
-1.596967049609010203e-01,-3.113169987160051277e-02,1.025767219196356272e-01
-4.215289223781808203e-02,-1.076923399502272227e+00,9.096953101773731509e-01
8.320172011046506055e-01,5.822322967715879427e-01,-3.692506655515168656e-01
4.724544841218948354e-01,5.223804498085928838e-01,-1.071691476706023161e-01

