2.831051920737790439e-01,-3.379282258115896137e-02,-3.162905068919051321e-01,4.853962013985938656e-02,-4.117218151755173278e-02
5.922288103352936206e-01,-7.664404308240502228e-01,-3.946890044561513489e-01,-7.773359694471998482e-01,-1.051162631550883741e+00
-1.308635879177115990e+00,-1.067847090121120356e-02,1.096077483689974041e+00,-2.442589248922206302e+00,2.430811207488054460e-01
6.697348950663167821e-01,2.340713799555723895e+00,9.868359556625633244e-01,1.258067171962051756e+00,-2.579244357155199840e-01
-1.221421178063714530e+00,-1.758859324947676050e+00,-6.317523673522698058e-01,-1.350520757635362001e-01,6.913779979475173088e-01
-1.443227277484427362e-01,6.837106330700510881e-01,7.921732822043696665e-01,1.684133976699400403e-01,-6.487480538314829293e-01

7.109632776973420221e-01,-2.356547758910446932e-01,-6.924879594685696693e-01
-3.657656889003655931e-01,-1.041012078958647669e+00,1.337753394314804334e+00
3.815696987932710171e-01,-6.613351122513564384e-01,-7.903190317202836157e-01
1.089545056777424747e+00,1.069926569980574754e-01,-1.028201036281667369e+00
-4.718170036817995183e-01,-7.296693227062950315e-01,5.194292935958838564e-01
1.005449470499890641e+00,1.253609257167811686e+00,2.087099884128294225e-01

